version https://git-lfs.github.com/spec/v1
oid sha256:99fd43967b3eb645f4fca8c8435b8c5760c88d6a3873fff8e17656c651fc5af5
size 342604
